char 11 t p g m s p t o d j a
int 12 18 6 1 17 5 18 9 5 11 11 17 13
bool 15 1 1 1 0 1 1 0 0 0 1 0 0 1 0 1
double 15 1.52 0.48 0.14 0.44 1.18 1.5 1.01 0.95 0.21 1.31 1.01 0.45 1.61 0.57 1.1
char 15 f n r j q d b p s a j c o d d
int 19 12 7 1 1 13 4 11 6 1 6 8 5 9 1 7 1 16 20 3
int 20 20 14 11 20 11 12 16 19 3 6 11 3 9 4 20 10 14 11 12 6
double 20 0.22 1.29 1.86 1.49 0.79 1.98 0.9 0.03 0.86 0.43 0.27 1.85 1.98 1.87 0.17 0.31 0.76 0.61 1.63 0.14
char 22 g b f e q o r p p g e l l a q t r r j d c f
bool 22 1 0 0 0 1 0 0 1 1 1 1 0 0 0 1 0 1 0 1 1 1 0
int 22 20 2 15 1 17 13 14 14 16 2 16 3 9 6 13 11 12 1 4 8 20 11
double 23 1.35 0.7 1.63 1.79 1.58 0.39 0.59 1.45 1.23 1.48 1.44 1.77 1.37 0.91 0.42 0.98 1.77 0.04 1.82 1.56 1.75 1.33 0.1
bool 25 0 0 0 1 1 0 1 1 0 0 1 1 1 1 0 0 1 0 1 1 0 1 1 1 1
bool 26 0 1 1 0 0 0 1 0 0 0 0 0 0 1 0 1 1 1 1 1 0 0 1 0 1 0
char 26 m t t j l o e e l e l h b t r p g l l s c n s d d a
bool 28 0 1 0 0 1 1 1 0 0 0 1 1 1 0 1 0 0 0 0 0 0 0 1 0 1 0 0 1
double 29 0.14 0.04 0.68 0.56 0.84 0.17 0.75 0.65 1.12 0.1 0.59 1.88 1.48 0.33 0.32 1.34 1.06 0.5 0.1 1.07 1.75 0.2 1.08 1.21 1.07 1.99 1.57 0.61 0.07
double 29 1.63 1.88 0.29 0 1.36 0.03 1.15 0.31 0.75 1.97 1.08 0.96 1.09 1.16 0.77 0.75 0.24 1.57 1.19 0.92 1.44 0.57 1.15 1.72 0.54 0.25 1.67 1.37 1.48
bool 30 1 0 0 1 0 0 1 1 1 0 1 0 1 0 1 1 0 1 0 1 1 1 0 1 1 1 0 1 0 0
bool 30 0 1 0 1 0 0 1 0 1 1 1 0 1 1 0 0 0 0 1 1 0 0 1 0 0 1 1 1 1 1
int 31 1 9 19 8 7 18 8 1 20 14 20 17 6 17 5 15 1 18 2 17 1 10 20 5 9 8 1 17 15 3 14
char 32 n d c b r l m e p l n t r t t j a p p n o f c i b h h d e k s k
int 33 2 10 7 1 10 19 15 16 2 4 1 5 17 10 14 15 6 1 1 15 4 19 4 9 19 16 5 16 4 8 10 14 6
bool 33 0 1 0 1 0 1 0 1 1 0 1 1 0 1 1 1 0 0 0 1 1 0 0 1 0 0 0 0 1 1 1 0 0
bool 34 0 1 1 0 1 1 0 1 0 1 1 1 1 1 1 0 0 1 0 1 1 1 1 0 1 1 0 0 0 1 1 1 1 0
char 35 t g e c h i c r o e q h r l m k e r q c q q l j h c q s g l r a c a b
bool 38 0 0 1 1 0 1 1 1 1 0 1 0 0 0 0 1 1 1 0 0 1 0 1 0 1 1 1 1 1 0 1 1 0 1 1 1 0 1
char 39 a t c g h r q s n j o j q f s t r e a q s r n c t h b e a c a i a e m q g j i
int 41 5 15 2 17 11 20 5 6 7 11 19 6 8 18 18 13 13 9 15 14 17 15 14 9 4 12 8 4 20 18 16 3 10 10 19 9 15 4 2 14 13
char 43 s o c t q s d o d t m k m m n i t b n h h t g l q k r o r o d e t o j m f c t q l m s
int 46 15 2 17 20 7 6 5 18 5 1 6 10 13 20 5 2 1 15 20 9 19 17 2 9 20 14 6 10 5 8 6 3 6 2 6 3 18 5 14 15 4 10 3 17 13 16
int 49 9 20 1 16 3 12 14 1 10 19 6 19 12 10 1 3 10 8 10 17 5 13 10 12 8 4 20 4 9 9 19 17 1 14 17 19 13 8 4 9 11 18 12 8 20 18 20 7 9
char 50 q f o j i i g r m e b q s q i d t m t h i j m f t o k j o n n e r k h k m q e o b q k a c c c e f d
char 50 c i f c p o i e e p i h t m f g d j l e l s e t m e k t t e s r o j k r q j n c d q c a n m m q q f
char 51 n c t e n p j f m o e t q l e t g m l f t b d j p h n j r n n o j l i j n j m k m l c c t i j b q h l
double 51 1.63 1.27 0.63 1.69 0.15 1.93 1.89 0.96 1.84 1.64 1.28 1.37 1.87 1.77 0.76 0.72 0.15 0.56 0.71 0.71 0.4 0 0.55 0.87 0.78 0.41 1.76 0.79 1.41 0.73 1.95 0.94 0.67 0.61 0.55 0.25 0.36 0.81 1.8 1.48 1.02 0.09 1.88 1.17 1.6 0 0.57 0.53 1.38 1.24 1.52
bool 53 0 1 1 1 0 1 1 1 0 1 0 0 1 0 1 1 0 0 0 1 0 1 1 1 0 0 1 0 0 1 1 1 1 1 1 1 0 0 0 0 1 0 0 1 1 1 1 0 0 1 1 0 0
int 54 13 18 18 14 19 20 19 6 20 2 15 7 1 3 11 17 14 2 4 19 20 8 1 8 9 5 2 19 13 4 11 5 4 19 4 9 3 11 9 17 3 6 20 16 1 14 5 11 8 8 13 16 12 7
char 54 a r o a m h k p p g l d p k l g q a c d e p i g l j r h j k t n o b s k b l o q e o m n h h n e f g l k o a
double 54 1.07 0.24 0.68 0.09 1.5 0.53 1.56 0.48 0.91 1.86 0.91 1.82 0.21 1.46 1.37 0.7 0.8 0.36 0.76 1.62 1.93 0.91 0.17 0.57 0.23 1.78 1.66 1.31 1.42 1.54 1.76 0.51 0.94 1.43 1.99 1.01 1.85 1 0.06 1.81 0.31 0.93 0.61 0.38 0.44 1.3 1.05 1.69 0.66 0.28 1.67 0.56 0.49 1.38
double 57 1.44 1.33 1.72 0.96 0.36 1.07 1.55 0.49 0.15 1.03 1.1 1.09 1.95 0.18 1.52 1.59 0.38 1.48 1.06 1.13 1.2 0.94 1.64 0.63 0.81 1.88 0.18 1.16 1.73 1.03 1.96 1.3 0.63 1.64 1.47 0.29 1.32 1.78 0.29 1.14 1.45 1.04 0.59 0.98 0.79 1.41 0.89 1.94 1.83 1.75 1.02 1.68 1.59 1.85 1.61 1.16 1.93
double 57 1 1.05 1.86 0 0.09 1.17 0.6 0.92 1.87 1.15 0.5 0.47 1.46 0.76 0.08 0.64 1.16 0.72 0.78 0.05 1.88 1.56 1.85 1.22 1.54 0.9 1.02 0.88 0.88 0.91 0.41 1.43 0.77 0.47 0.15 1.97 1.19 0.25 0.44 0.91 0.63 0.45 1.24 0.16 0.52 1.95 1.18 1.46 0.4 1.82 0.56 1.18 0.53 0.26 1.13 1.39 1.36
int 57 2 6 5 8 8 11 9 13 19 6 11 18 8 6 7 6 8 19 18 8 18 8 4 17 18 1 4 20 6 13 12 19 15 20 5 13 5 16 2 16 4 5 13 15 4 9 14 13 16 10 18 9 6 13 15 4 18
double 58 0.05 1.02 0 1.96 1.35 0.75 0.3 0.93 0.27 0.48 0.17 0.1 0.55 0.2 0.77 1.93 0.88 1.79 1.53 0.6 0.83 1.73 0.55 0.18 1.81 0.67 0.7 0.07 1.19 1.67 1.8 0.78 1.18 1.28 1.68 0.72 1.42 0.01 0.9 1.01 0.48 0.24 0.09 0.47 1.34 1.33 1.46 0.72 1.41 1.89 0.08 0.19 0.09 0.82 0.17 1.92 1.92 0.3
bool 59 0 1 1 1 1 0 1 1 1 0 0 0 0 0 0 0 1 0 0 1 0 1 1 1 0 0 0 0 0 0 1 0 1 1 0 0 0 0 1 1 0 0 1 0 1 0 0 0 1 1 1 0 0 0 0 1 1 1 1
bool 60 1 1 0 1 0 0 1 1 1 1 1 1 0 1 0 0 0 1 1 1 0 1 0 0 1 0 0 1 1 1 1 0 1 1 0 0 1 1 1 0 1 0 1 1 0 1 0 1 0 1 1 1 1 0 1 0 1 1 1 1
int 60 2 15 16 8 4 17 20 10 15 8 2 15 15 16 18 2 4 5 8 3 15 8 16 18 15 18 3 12 10 8 13 12 3 3 13 1 7 20 18 7 1 11 2 3 19 14 10 7 4 2 7 10 17 13 4 14 11 4 19 16
int 61 4 9 20 5 4 12 5 10 6 3 9 2 20 15 20 15 8 1 7 17 11 20 10 20 14 14 3 16 10 18 6 10 8 2 17 16 5 19 5 19 15 4 15 5 13 16 2 20 20 13 8 16 5 6 5 4 19 17 12 11 18
int 62 18 16 19 12 2 15 6 7 14 14 7 20 15 14 15 14 14 9 18 2 6 6 5 19 11 5 3 20 18 12 8 13 5 1 13 20 6 17 14 20 9 7 14 15 18 17 6 14 4 20 8 4 18 1 2 2 4 16 14 12 19 20
char 62 r r t j t m k o p h p j q l e p s h a h i i k h c h s s n n o f r l r g r t d f i r m p o i n c g k h h h s b g n g h n p e
char 62 k c k r a g g o i m k t h s k g e o g f d l e j s e p o t q i j k e f o s j i b c q i g r a i j j t f h b p n n t s f s r e
double 63 1.59 0.41 0.32 0.46 0.08 1.49 1.83 0.04 1.31 1.34 1.61 1.52 0.96 1.69 1.5 1.87 1.02 0.32 0.6 1.59 0.64 1.39 1.67 1.99 0.95 0.06 0.43 0.53 0.99 0.78 1.01 1.78 1.89 0.1 0.98 1.5 1.65 1.09 0.9 1.43 1.15 1.01 0.45 1.43 0.07 1.27 0.08 1.69 0.55 0.19 1.24 1.12 0.52 1.69 0.37 1.42 0.22 1.36 0.69 0.96 0.58 1.49 1.47
char 63 q o a q o t k f g q e r b l o r e h e s o a g o b o q i p b l n b p k p e i b f d j r a m s o o n p m m g a l k h l s h k o c
char 64 n i a n p r h r m n a s f p d o p o c c d q t m m k c r c h t p q m k k o r l h g p b h r n c m r g s h r t b d t f i d s h g d
bool 64 0 1 0 1 0 0 0 0 0 1 1 1 0 1 1 0 0 1 0 0 1 1 1 1 0 1 1 0 1 1 1 1 1 1 1 0 0 1 0 1 0 1 1 0 1 1 0 0 1 0 0 1 1 0 0 1 0 1 1 0 0 1 0 1
int 65 16 11 10 12 13 15 12 19 3 13 4 20 7 6 20 4 3 20 16 10 20 3 9 8 2 5 6 11 7 1 4 18 12 19 6 15 4 3 9 13 16 19 20 17 12 4 19 10 1 19 3 7 11 5 17 15 6 2 13 4 15 10 15 3 17
double 68 0.01 0.91 0.34 1.39 1.13 1.28 0.07 0.96 0.07 1.37 0.22 1.48 0.06 0.35 0.67 1.79 0.78 1.27 1.91 0.46 1.51 0.82 0.36 1.17 0.62 1.17 1.08 1.82 0.8 0.64 0.44 0.02 0.04 1.82 0.66 0.43 0 1.46 0.68 1.96 1.25 1.97 1.44 1.12 1.66 1.06 1.59 0.43 1.64 1.35 0.54 1.17 1.94 0.06 1.75 1.44 0.86 1.66 1.2 1.44 1.09 1.07 0.15 0.88 0.39 1.39 1.05 0.35
double 69 1.77 0.65 0.81 1.79 1.61 1.8 1.93 0.25 1.66 0.15 1.96 0.79 0.6 0.83 0.14 1.02 0.01 0.46 1.39 0.03 0.91 1.24 1.98 1.18 1.44 1.96 1.98 0.83 0.29 0.28 0.5 1.05 0.97 1.01 1 1.72 1.21 1.08 1.69 0.13 1.79 1.78 0.89 1 1.26 1.75 1.51 1.54 0.57 1.4 0.33 1.65 0.23 1.55 1.98 1.33 0.53 0.33 0.43 0.78 0.41 0.05 0.57 0.68 0.76 0.29 1.18 0.82 0.65
double 70 1.1 0.39 1.88 1.27 0.36 1.18 1.29 1.52 0.68 1.11 0.55 1.92 1.66 0.32 0.24 0.15 1.46 1.88 1.88 0 1.96 1 0.87 0.88 0.32 0.05 1.76 1.27 1.56 0.32 0.15 0.21 0.22 1.27 0.37 1.68 0.45 1.2 0.32 1.95 1.69 0.28 0.9 0.69 1.85 1.4 1.33 0.15 1.66 0.35 1.94 1.67 1.65 1.58 0.65 1.89 1.95 0.65 0.66 1.63 0.96 1.81 0.22 1.4 0.46 0.65 0.07 0.99 1.76 1.63
char 71 f p h s i q q q q k j d p d f k a r q q i c s g h g l c b a p n j g c q o m e j p b q a h b d c g i n f a m m m a b o m p j b d l k t a a l r
double 71 1.19 0.42 1.04 1.04 1.14 1.43 1.38 0.47 1.61 1.48 1.34 0.87 0.74 1.33 1.53 1.09 1.4 0.27 0.86 0.62 1.64 1.97 0.98 0.99 0.42 0.89 0.8 1.69 1.96 1.96 0.12 1.74 0.91 1.88 0.13 0.22 1.63 0.92 0.91 1.09 0.65 0.19 1.89 1.5 0.36 0.52 1.81 1.53 1.69 0.36 1.28 0.29 1.44 1.86 0.51 0.86 0.02 0.85 1.06 1.15 1.57 1.99 1.78 1.38 0.36 1.02 1.56 0.32 1.86 1.51 1.06
bool 72 0 1 0 1 0 0 1 0 0 1 1 1 0 1 0 1 1 0 0 0 1 0 0 1 1 1 1 1 0 0 1 0 1 0 0 1 1 1 1 1 1 1 1 1 0 1 1 1 0 1 1 0 1 1 1 1 0 0 0 1 0 1 1 0 1 1 1 1 0 0 1 1
double 72 1.15 1.35 1.5 0.99 1.32 0.32 0.15 1.37 1.24 1.46 0.53 0.96 1.61 0.24 0.24 0.43 0.32 1.56 1.87 1.98 0.89 0.29 1.54 1.68 0.21 0.01 0.63 0.11 1.1 0.75 1 0.49 0.19 0.83 0.29 1.45 0.67 0.73 1.75 1.31 1.98 1.61 1.85 0.24 1.43 1.73 0.09 0.3 0.56 1.76 0.52 1.21 0.98 1.12 0.2 1.93 1.01 1.23 1.02 1.65 0.81 0.83 1.75 0.91 0.5 0.79 0.27 1.44 1.13 0.51 0.09 1.14
int 73 1 18 17 7 20 6 17 8 19 19 3 4 13 15 15 9 8 3 7 9 11 5 17 18 6 8 14 12 16 1 4 19 15 18 15 3 1 1 19 20 16 7 13 9 15 17 3 1 15 18 20 17 9 17 4 19 15 6 3 10 4 18 20 18 5 14 10 11 12 1 11 16 8
int 75 11 19 8 10 7 16 11 19 10 10 19 20 19 8 19 16 4 7 11 14 6 20 19 7 3 3 13 19 19 12 15 2 15 1 9 13 14 20 5 18 6 6 2 10 14 3 16 9 13 2 17 8 10 9 9 19 11 18 3 12 12 5 11 4 12 20 10 10 6 16 10 7 1 9 8
char 75 c n k g t q t b n d e n p k n m f d g t h m k k e p j b p h b c l b k q s s q t m g i i a e j q p k j q n b i m s e i h n f b r b n k g m e c q p o e
char 75 b j a i c e d p e n e l f t l r f d r b j n h g i c h i j g b j h l d m g m p d p h e r r i e q h d a q f g j r m m s a j d i c l b r m d f a g r n e
double 75 0.38 1.5 1.72 0.05 0.26 0.82 1.19 0.34 1.83 0.76 1.41 0.26 0.79 0.99 1.83 0.83 1.59 0.62 1.39 1.55 0.17 1.32 1.92 1.99 0.66 0.94 0.12 1.07 1.5 1.63 1.86 0.25 0.59 1.9 1.17 1.57 1.32 0.61 1.31 0.02 0.87 1.56 0.39 0.07 1.24 0.49 0.83 0.75 1.3 0.1 0.93 0.13 0.67 0.33 0.92 1.14 0.77 0.97 0.31 0.31 1.31 0.15 0.42 0.72 0.14 1.66 1.41 1.57 0.27 1.5 1.16 1.03 0.57 1.18 1.01
bool 76 0 1 0 1 1 1 0 1 0 1 1 0 0 0 0 1 1 1 1 0 0 0 1 0 1 0 1 0 0 1 1 1 1 1 1 1 1 0 1 1 0 1 1 1 1 0 1 1 1 1 0 1 0 0 0 1 0 0 0 0 0 0 1 1 0 1 0 1 0 1 0 1 1 0 1 0
int 76 5 6 3 12 17 2 3 12 18 15 5 16 8 9 20 9 12 15 17 14 8 9 16 20 14 9 1 12 13 13 10 4 13 9 7 14 2 15 8 19 19 1 20 11 15 14 20 20 19 15 5 7 18 13 1 5 4 8 16 9 11 11 20 14 12 17 5 12 8 20 14 10 19 10 1 4
bool 78 1 0 1 1 0 1 0 0 1 0 1 0 1 1 1 0 0 1 0 1 1 0 0 1 1 0 1 1 1 0 1 1 0 1 0 0 1 1 1 0 0 0 1 0 0 0 0 1 1 0 0 0 1 0 1 1 1 1 0 1 0 0 1 0 1 1 1 0 0 1 0 1 0 0 0 0 1 0
int 78 7 6 4 4 15 8 8 4 4 3 10 5 4 16 11 8 12 3 17 3 15 16 14 9 14 20 15 2 3 3 11 9 11 1 6 4 6 1 10 2 9 20 11 9 13 18 13 9 4 14 11 4 1 12 7 4 18 3 7 14 8 14 16 6 6 12 1 14 11 19 8 4 4 13 20 13 20 13
char 79 r s g n e i e j b m h o l i q h c g m t l c k c q n e h i m k o d k g o r k s d b a j s h a k p s f q l r h s i p a t h b d l k m p l d e d k s l i p h b i s
char 80 i k m q a a c g q h t m h m s m j s q s f n l s g g t n r e p p i c k j i k s k i m c f g n g f m q i m p d d n o t o m g f e k t m g e a i j n l h d k r j l l
int 80 8 8 15 10 9 6 7 8 4 2 7 20 10 6 3 1 11 4 18 2 13 1 14 14 14 15 8 17 20 20 2 17 15 7 5 11 18 3 2 19 10 15 1 16 6 11 18 14 20 10 19 18 16 9 16 3 3 11 11 2 17 7 8 13 15 18 16 8 6 14 18 5 9 12 4 2 7 10 20 5
int 81 2 17 14 11 18 3 8 7 17 4 7 11 7 7 2 12 4 9 9 6 12 9 12 7 1 12 8 1 12 1 18 15 20 5 11 15 13 13 11 20 18 17 3 17 15 11 2 12 8 11 6 20 8 11 4 7 6 16 7 1 9 2 10 19 16 18 20 7 9 3 5 11 20 4 3 14 9 8 12 5 4
char 83 q h d k b h c k t n o l g t p j t j i c h j s e k m o s k m j s h q q r r r d q n i r k d j p t i t f p q k n m o g c q b s o f l j k n f i l h h j h s n j o a g o p
bool 83 0 1 0 1 1 1 0 1 0 1 0 0 1 1 0 1 1 0 1 0 1 0 1 0 1 0 1 0 0 1 0 1 0 0 0 1 1 0 1 0 0 1 1 0 1 1 0 0 0 0 1 1 1 0 1 1 0 1 0 0 0 1 1 0 0 0 1 1 1 0 1 0 1 0 0 0 1 1 0 0 0 0 0
bool 84 0 0 0 0 1 0 0 1 1 0 1 1 1 1 0 0 1 1 0 0 0 1 1 0 1 1 1 0 1 1 1 0 1 0 0 1 1 1 0 0 0 1 1 0 0 0 1 0 0 1 1 0 1 1 1 0 0 0 0 1 0 0 0 1 1 1 0 0 0 0 1 1 1 0 1 0 1 0 0 1 1 1 0 1
int 84 3 11 7 8 7 4 10 11 13 5 12 5 1 4 1 10 13 4 8 8 5 9 5 6 19 19 14 14 19 5 11 14 9 3 19 1 16 4 11 15 2 10 3 2 4 2 3 13 11 9 13 4 19 14 9 11 7 14 3 13 8 7 14 12 12 5 14 17 14 5 8 10 12 3 13 5 5 14 3 13 3 7 1 16
char 84 a t s a b g p b i p f o e o i e h r l g n q s a j g m o f h a k h m j d e a k t h j l t q a c g j p m p a j i g t s d c m t g e k s s j a a a q j i r h t j r k s e c c
bool 84 1 1 0 0 1 1 0 0 1 1 0 0 1 1 0 1 0 1 1 1 0 1 1 0 1 0 1 0 0 1 0 0 0 1 1 1 0 0 0 1 1 0 0 1 1 0 1 1 0 1 1 0 0 0 0 1 1 1 1 1 1 0 0 0 1 0 0 0 0 0 0 0 0 1 0 0 1 1 0 1 1 1 1 1
int 84 12 4 8 6 20 13 9 3 16 1 16 11 13 19 14 5 4 5 7 12 20 16 17 5 7 13 15 12 18 6 8 1 4 8 2 11 4 1 19 17 18 16 4 8 16 6 2 13 13 18 8 17 10 20 13 5 12 3 12 9 14 18 5 9 11 17 11 14 6 6 1 7 20 18 10 15 19 11 6 3 1 18 1 6
int 85 3 6 8 4 19 11 6 19 16 19 10 7 2 12 9 16 3 18 14 3 15 16 12 11 9 20 3 5 3 15 19 3 13 20 17 13 15 18 12 13 7 16 16 8 18 14 16 14 15 14 20 3 2 4 9 3 18 8 14 4 16 2 15 16 3 12 2 6 6 9 14 11 11 8 13 5 10 11 11 10 20 2 8 7 19
double 87 0.01 1.51 1.39 1.75 0.31 0.32 0.42 1.15 1.41 0.84 0.5 0.11 1.34 1.07 1.41 1.06 0.55 1.75 1.44 1.97 0.84 0.06 1.06 0.17 0.23 0.11 1.22 0.69 1.65 0.9 1.77 0.67 1.22 1.51 1.43 1.79 1.18 1.35 0.55 1.53 0.87 0.57 1.41 0.28 1.35 1.81 1.75 1.03 0.39 0.43 0.77 0.63 1.02 1.09 1.88 0.69 0.95 1.18 1.23 1.57 0.75 0.29 0.58 0.21 1.11 1.28 1.11 0.08 1.75 0.01 1.15 0.25 0.17 0.33 0.66 1.58 1.71 0.8 1.71 1.77 1.76 1.58 1.8 0.1 0.83 0.89 1.92
double 88 0.49 0.73 0.38 1.88 0.22 0.75 1.59 0.25 1.02 0.02 0.06 1.94 1.08 0.56 0.79 0.66 0.01 1.23 1.28 1.76 0.34 0.77 0.95 1.36 0.46 1.72 1.65 0.12 1.91 1.21 1.63 1.13 1.3 1.27 0.19 0.99 1.16 1.48 0.3 0.04 0.75 1.48 1.13 1.19 1.99 0.5 0.18 1.75 0.83 0.93 0.25 0.9 0.99 1.04 1.44 0.37 1.4 0.49 0.22 0.41 0.86 1.02 0.31 0.41 0 1.06 1.28 0.14 0.69 1.42 0.7 1.62 0.4 1.14 0.64 0.18 1.56 1.55 0.39 0.31 0.78 0.05 1.22 1.44 1.87 1.09 0.07 1.43
char 92 c m k l h f n h g j k t c o o m i s f f e l e a p a p d l g f b s p p p b p s k b p p q d e j b p p p a f q j f q n e g k r n h n b c s o n d c j i k k b m e o o t a q d r i d o j i h
bool 92 0 1 0 1 0 1 0 0 0 1 1 1 1 0 0 1 0 0 0 0 1 0 1 1 0 0 1 1 1 1 0 0 0 0 1 1 1 0 1 0 1 0 0 0 1 0 0 1 0 1 1 1 0 0 1 0 0 0 0 0 0 0 0 0 1 1 0 1 1 0 1 0 1 0 1 0 1 1 0 1 1 0 1 1 0 0 0 1 0 1 1 0
char 94 b j g q g m n a j t k l q s g n j g i g e n m k i n h j m p a t m g d g q s c j e p p o c i b n a g d g a n p k b n h f h p l o i k s e m t o o o n h s k n g q f a k q e f k g l b n k g q
bool 95 1 1 0 1 0 1 1 1 0 0 1 1 0 1 1 0 0 1 1 1 0 0 1 0 0 0 0 1 0 0 1 1 0 0 1 0 0 1 1 1 1 1 1 1 1 0 1 1 0 1 1 1 0 0 0 0 1 1 0 1 1 0 1 1 0 0 0 0 0 0 0 0 1 0 1 0 0 0 0 1 1 1 0 0 0 0 0 0 0 1 0 1 0 0 0
char 96 b j s c i r o c t s k f d f j j o h b e k t n e s q h e j j g t c c h o b o i r k i d p h f d t s o d r m h g f e g q o s r l m e n n k q e l n r c k f l m e n n s k o g i o i i i t c l b e l
double 97 0.58 1.66 1.47 1.78 1.8 0.52 1.82 0.41 1.77 1.74 1.17 0.56 1.81 1.34 1.47 1.8 0 1.98 1.4 0.57 1.72 1.98 0.85 1.52 1.7 1.24 0.45 1.38 0.35 1.61 1.56 0.91 1.04 0.83 0.49 0.09 0.32 1.92 0.4 0.24 1.38 0.03 0.88 0.5 1.75 0.1 0.86 1.03 0.65 0.71 0.45 1.8 0.62 1.17 1.69 0.15 0.81 1.59 1.68 1.7 0.19 1.69 1.14 0.26 1.04 1.89 0.92 1.99 0.94 0.58 1.5 1.52 1.53 0.11 1.27 1.2 0.47 1.93 1.49 1.82 1.53 0.95 0.09 1.49 1.47 0.66 1.95 1.72 0.54 0.13 0.47 1.63 0.97 1.47 1.19 0.71 1.07
double 97 0.68 1.92 0.76 1.26 1.13 0.21 1.81 0.32 1.35 0.58 1.79 1.59 1.55 0.7 0.77 1.33 0.07 0.62 0.42 1.76 0.61 1.63 1.99 1.97 0.15 1.41 0.47 0.54 0.34 1.58 1.99 0.79 0.97 1.42 1.83 1.9 0.09 1.87 1.62 0.15 0.2 0.32 1.73 1.84 0.22 0 0.18 0.49 0.42 0.65 0.2 1.09 1.84 0.49 1.22 0.82 0.04 0.64 0.62 0.78 1.65 0.52 1.6 0.51 1.75 1.87 0.37 1.96 0.93 0.59 0.78 0.57 1.39 1.48 0.11 1.4 1.36 0.18 1.61 0.27 0.61 0.64 1.83 0.33 1.88 1.66 1.76 0.04 1.09 0.23 0.86 1.72 0.53 1.62 1.99 0.91 1.05
double 100 1.43 0.85 1.02 0.77 0.78 1.34 0.42 1.73 1.48 0.28 0.97 0.9 0.98 1.98 0.58 0.03 0.54 1.72 0.26 1.69 0.65 0.14 1.25 1.9 1.23 0.7 1.38 1.31 1.96 0.92 0.05 0.58 1.96 1.48 0.76 1.01 1.99 0.96 1.33 0.23 0.13 1.48 1.68 0.32 1.49 0.9 0.13 1.27 0.37 0.3 1.07 1.7 1.19 0.91 1.76 0.64 1.04 1.31 0.82 1.96 1.89 1.77 1.16 1.58 1.7 1.85 1.3 0.05 1.93 0.13 0.35 0.39 0.18 1.58 1.91 0.06 1.4 0.41 0.21 1.63 1.77 1.09 1.32 0.89 1.77 0.65 0.15 1.18 1.3 1.04 1.69 1.38 1.27 0.37 1.53 1.11 0.43 0.77 0.73 0.64
double 102 1.69 0.4 1.14 1.32 1.54 1.43 0.82 1.7 0.14 0.69 0.53 1.89 1.7 1.35 0.7 0.73 1.67 1.86 0.47 1.32 0.85 1.23 0.42 0.22 0.81 1.48 1.58 1.71 0.04 1.53 0.46 1.51 0.41 0.85 1.54 0.02 0.91 0.55 1.91 1.17 0.6 1 0.36 1.18 0.42 0.39 0.08 0.89 1.12 0.35 0.28 1.19 0.65 0.67 1.54 1.88 1.46 1.18 1.48 0.83 1.86 0.51 1.86 1.42 1.23 0.76 0.86 1.85 0.52 0.8 0.77 1.68 1.02 0.01 0.48 1 0.99 0.48 0.87 0.63 0 0.95 0.03 0.02 0.95 0.12 1.56 0.23 1.59 1.82 1.97 1.27 0.1 1.72 0.91 1.3 1.12 1.13 0.42 1.63 1.4 1.06
double 104 1.73 1.83 1.08 1.66 1.64 1.7 0.5 0.82 1.88 1.98 0.7 0.62 0.59 1.53 1.61 1.85 0.25 1.25 0.35 0.59 1.86 1.55 0.04 1.49 1.58 0.39 1.07 0.17 1.17 0.36 1.77 1.39 1.9 0.75 1.06 1.94 0.14 1.27 1.2 0.4 1.62 1.18 1.52 1.47 1.98 0.67 1.4 0.79 0.15 0.61 1.56 1.95 1.07 1.24 0.67 1.01 0.34 1.57 1.22 1.25 0.26 0.51 0.16 1.97 1.87 0.77 0.06 1.03 0.02 0.87 0.45 1.18 0.45 1.16 0.11 0.8 1.58 0.27 1.99 1.96 1.39 0.38 1.17 1.69 0 0.48 1.18 1.55 1.95 0.92 1.81 1.51 0.41 1.96 0.58 1.62 0.63 1.31 1.4 1.11 0.97 1.27 0.72 1.75
int 105 10 16 3 20 18 5 17 15 10 10 7 16 16 15 20 4 17 8 12 15 19 8 11 17 2 12 14 5 16 7 13 13 11 16 14 11 9 12 19 8 9 7 17 5 4 5 4 1 20 20 17 17 14 6 15 9 12 12 20 6 11 8 14 1 3 18 9 15 13 20 12 18 13 13 4 1 2 9 15 17 10 8 16 5 6 15 6 15 5 20 13 1 17 4 20 2 3 11 16 2 11 5 9 17 17
double 105 0.77 1.51 0.42 1.91 1.65 1.34 0.5 0.9 1.45 0.83 0.28 1.58 1.98 1.25 0.38 1.3 0.23 1.36 0.8 1.51 0.14 1.11 1.07 0.73 0.38 1.81 1.23 1.11 0.79 1.54 1.04 0.98 0.83 0.22 1.9 1.68 1.96 0.54 0.39 1.09 0.07 0.77 0.26 1.7 0.31 1.58 0.8 1.3 0.32 1.3 0.47 1.84 1.19 1.44 1.55 0.61 1.43 0.75 1.32 1.35 1.44 0.25 1.1 0 0.47 1.23 1.44 0.4 0.85 1.87 0.44 0.59 0.53 1.68 1.89 1.1 1.54 1.19 0.27 1.18 0.02 1.1 1.97 0.84 1.27 1.73 1.08 1.11 0.91 1.32 0.55 0.77 0.27 1.71 0.84 0.64 1.06 1.22 1.24 0.64 1.49 1.9 1.35 0.51 1.02
int 107 2 10 20 13 15 5 7 2 18 11 18 10 13 4 3 19 6 9 10 14 7 19 15 11 8 6 16 4 9 9 8 6 11 19 18 5 3 16 4 13 16 2 14 9 6 19 11 15 12 3 9 3 1 17 13 1 19 5 13 8 9 13 9 16 18 8 17 20 13 10 9 1 10 17 8 8 16 7 3 5 15 14 6 12 18 14 9 13 19 1 7 12 3 20 19 20 18 7 4 15 13 18 19 3 10 7 4
int 108 14 12 3 19 6 8 8 14 18 18 16 4 13 5 11 11 16 19 7 14 17 5 20 12 9 20 11 2 5 14 15 6 14 17 11 9 13 7 19 3 16 6 19 19 5 11 4 20 3 18 13 16 20 7 15 2 20 18 16 2 17 1 4 18 14 4 19 18 18 2 20 17 15 9 15 12 9 9 10 7 7 8 15 15 2 7 1 7 14 10 14 4 10 3 15 11 1 16 1 12 9 8 2 6 7 15 5 17
