bool 11 1 1 0 1 1 0 1 0 1 0 0
int 11 7 4 7 14 11 19 15 1 5 7 15
int 11 6 16 9 16 17 8 20 15 12 17 2
int 12 18 6 1 17 5 18 9 5 11 11 17 13
bool 14 0 1 1 1 1 1 0 0 0 1 0 1 1 1
bool 17 0 1 0 0 0 0 0 1 0 1 0 1 1 0 1 1 1
double 19 0.19 0.01 1.3 0.44 1.75 0.58 0.62 1.31 1.36 1.2 1.08 0.24 1.47 1.08 0.11 1.97 0 1.14 0.96
char 19 q o r b b s f m a l b c e p p m d c n
int 20 20 14 11 20 11 12 16 19 3 6 11 3 9 4 20 10 14 11 12 6
bool 20 0 0 1 1 1 0 1 1 0 0 0 1 1 0 1 0 0 1 0 1
bool 22 1 0 0 0 1 0 0 1 1 1 1 0 0 0 1 0 1 0 1 1 1 0
double 23 1.35 0.7 1.63 1.79 1.58 0.39 0.59 1.45 1.23 1.48 1.44 1.77 1.37 0.91 0.42 0.98 1.77 0.04 1.82 1.56 1.75 1.33 0.1
int 24 16 10 5 16 7 13 17 1 19 20 12 5 6 1 18 19 15 16 9 2 9 6 13 16
bool 24 0 0 0 0 0 0 1 0 1 0 0 0 1 0 1 0 1 1 0 0 0 1 1 1
bool 30 1 0 1 0 1 1 1 1 1 0 0 1 1 0 1 1 1 0 0 0 0 0 1 1 1 0 0 1 0 0
int 31 1 9 19 8 7 18 8 1 20 14 20 17 6 17 5 15 1 18 2 17 1 10 20 5 9 8 1 17 15 3 14
int 31 12 10 17 19 11 11 8 17 12 5 17 14 19 3 7 20 13 3 19 18 2 14 10 8 12 10 8 2 6 20 15
bool 32 1 0 0 1 1 1 0 1 1 0 1 1 0 1 1 0 0 0 1 0 1 0 1 1 1 0 0 1 1 1 0 0
int 38 20 6 19 10 16 15 5 12 5 10 16 20 16 20 12 10 7 9 20 12 2 14 5 12 11 7 15 2 12 8 10 9 17 10 20 10 2 11
bool 40 1 1 1 1 1 1 0 1 0 1 1 0 0 0 1 0 0 0 1 1 1 0 0 1 1 0 1 0 0 1 1 1 1 0 1 0 0 0 1 0
bool 42 0 0 1 0 0 1 1 0 0 1 0 0 1 1 0 1 0 1 1 1 1 0 1 1 1 1 1 1 0 0 1 1 0 1 0 0 1 0 0 1 1 0
int 42 13 6 12 7 9 17 9 20 5 3 10 1 14 4 14 19 10 3 14 13 3 1 3 14 1 1 5 7 17 9 6 18 6 11 6 16 9 5 18 11 19 7
int 42 17 15 4 6 16 12 10 4 17 11 10 14 16 14 15 15 2 20 18 17 5 10 4 8 12 1 14 13 6 6 5 3 11 19 1 6 13 9 15 11 16 5
int 44 13 6 19 14 12 16 18 6 1 3 11 1 2 4 3 11 17 12 17 6 15 7 1 1 11 13 10 18 18 17 13 3 2 13 15 2 5 16 9 15 15 14 19 8
int 44 16 11 6 11 1 13 20 4 10 8 19 6 11 3 12 3 1 13 3 8 1 10 9 12 1 9 6 20 13 9 12 13 15 15 5 10 7 6 15 19 1 1 15 12
double 47 1.55 1.54 0.88 0.19 0.48 0.9 1.22 0 0.21 0.61 1.36 0.57 1.56 0.99 0.4 0.35 1.14 1.46 1.12 0.33 0.7 0.95 1.62 0.28 0.05 1.39 0.58 1.06 0.96 0.1 0.84 1.96 1.91 1.23 0.02 0.03 1.74 0.19 0.2 1.18 0.03 0.74 0.26 0.67 1.88 0.58 0.98
char 48 h c o r f d d p i s r o r p e f h h d i g l r l l d n a b h e i j m j g h m j c o b j r j j m q
char 48 g l m l d h c d t b r e k r g b c f t a i e d j h g p n b g g j l r l b b m p l r r a q a s b t
int 49 9 20 1 16 3 12 14 1 10 19 6 19 12 10 1 3 10 8 10 17 5 13 10 12 8 4 20 4 9 9 19 17 1 14 17 19 13 8 4 9 11 18 12 8 20 18 20 7 9
int 50 14 2 12 2 18 13 8 5 15 10 16 18 18 8 10 5 2 7 13 16 3 16 15 7 2 1 14 4 10 4 7 7 8 1 1 4 4 8 5 5 10 14 16 15 13 20 8 1 2 17
double 51 0.51 1.79 1.54 1.91 1.55 0.35 0.7 1.55 0.3 1.28 1.67 0.74 0.18 0.4 0.9 0.81 0.99 0.75 1.43 1.7 0.65 0.62 1.13 1.71 1.37 0.91 1.34 0.33 0.46 1.03 0.19 0.35 0.98 0.16 0.88 1.16 0.59 1.21 0.16 1.01 1.53 1.1 0.57 1.64 0.78 0.75 0.24 1.31 0.84 1.71 1.06
int 52 10 13 6 13 7 5 11 18 16 10 4 14 11 2 2 2 11 13 4 17 13 1 19 3 8 9 11 6 19 1 6 11 10 3 4 14 3 18 13 16 14 11 16 19 9 10 11 18 5 15 2 5
char 52 d s j r h t j m c m t o l o m m m t g o s j q h e j t o q e i s p n l t r n p t i l i b s d j t n o t b
bool 52 1 0 0 0 1 1 1 1 1 1 1 0 0 1 0 1 1 1 0 1 1 0 1 1 1 1 1 1 0 1 1 0 1 1 1 0 0 1 0 0 1 0 1 0 1 1 0 1 0 1 1 1
char 54 k j s l o s s r q j r i b o n g c t t q n m e s r t o i p j p c b e m k s m m o t r b j c c b o b a k s k b
char 55 p p m c p d p t m o n r g o d t c g f t d b o a n i j s g o t j f r m c s d o c n l s a r l p m m l b i c k p
int 55 7 20 12 14 15 1 5 7 3 18 10 11 7 19 19 6 3 5 13 3 11 15 6 12 2 9 3 10 14 3 2 3 4 17 9 7 2 9 13 19 11 17 8 10 18 14 3 13 20 2 20 10 15 18 13
char 56 q h f q a o g c i s i o r s a s n q n d e o q p h o c e d o t t g s o r j s m a k f f c p s a a b g t c e j o h
char 56 r q b o a b q i m n t a b s e l g g i p t h p f q k t l c a e b r k l p d n k h k d h p t m l k a r q t f g r i
int 56 13 4 14 19 4 16 9 5 3 2 20 11 3 6 4 12 1 12 16 3 15 7 15 12 18 1 19 1 4 14 11 1 13 1 17 14 12 6 19 3 7 4 10 7 9 5 17 2 7 2 20 6 18 17 1 8
double 57 1.44 1.33 1.72 0.96 0.36 1.07 1.55 0.49 0.15 1.03 1.1 1.09 1.95 0.18 1.52 1.59 0.38 1.48 1.06 1.13 1.2 0.94 1.64 0.63 0.81 1.88 0.18 1.16 1.73 1.03 1.96 1.3 0.63 1.64 1.47 0.29 1.32 1.78 0.29 1.14 1.45 1.04 0.59 0.98 0.79 1.41 0.89 1.94 1.83 1.75 1.02 1.68 1.59 1.85 1.61 1.16 1.93
bool 57 1 1 0 1 1 1 0 0 1 1 1 0 1 1 0 0 0 0 0 1 0 0 1 0 1 1 1 1 1 1 1 0 1 1 1 1 1 0 0 0 1 0 0 1 0 0 0 1 1 0 1 1 1 0 0 1 1
double 58 0.05 1.02 0 1.96 1.35 0.75 0.3 0.93 0.27 0.48 0.17 0.1 0.55 0.2 0.77 1.93 0.88 1.79 1.53 0.6 0.83 1.73 0.55 0.18 1.81 0.67 0.7 0.07 1.19 1.67 1.8 0.78 1.18 1.28 1.68 0.72 1.42 0.01 0.9 1.01 0.48 0.24 0.09 0.47 1.34 1.33 1.46 0.72 1.41 1.89 0.08 0.19 0.09 0.82 0.17 1.92 1.92 0.3
bool 58 0 0 0 0 0 0 0 1 1 1 0 0 0 0 0 0 0 1 0 0 0 1 0 1 1 1 1 0 1 0 0 0 1 1 0 0 0 0 0 1 0 1 0 0 1 1 1 1 0 0 1 1 1 1 0 1 1 1
bool 61 0 0 1 0 0 0 1 1 1 1 0 0 0 1 0 0 1 0 1 0 1 1 0 0 0 1 0 1 0 0 0 1 1 1 1 1 1 1 1 0 0 0 0 1 1 0 1 1 0 1 0 1 0 1 0 1 0 0 1 0 0
int 62 15 9 5 4 19 4 5 8 1 12 13 13 18 19 1 11 17 18 16 3 10 15 18 7 12 9 17 1 4 1 12 16 7 1 9 19 17 16 11 10 1 5 12 17 6 3 15 1 3 7 14 13 2 2 15 19 13 2 17 4 20 6
bool 62 0 1 0 1 0 0 1 0 0 1 1 1 0 0 0 0 1 1 0 1 0 1 1 0 1 1 0 1 0 0 1 0 0 0 0 0 1 1 1 0 1 0 0 0 1 1 0 1 1 0 1 0 0 1 1 1 0 0 0 1 0 0
char 63 q o a q o t k f g q e r b l o r e h e s o a g o b o q i p b l n b p k p e i b f d j r a m s o o n p m m g a l k h l s h k o c
bool 64 0 1 0 1 0 0 0 0 1 1 0 1 0 1 1 0 1 0 0 1 1 0 1 1 1 0 0 0 0 1 1 1 0 0 0 0 1 0 1 0 1 0 0 0 0 0 0 0 1 1 0 0 1 0 1 0 1 1 1 1 1 1 1 1
char 64 f b q c k o f e o p j s n n l s m q m q m a t t p s o e k s l h m r r d k p o d c h m n d o p l m f i p q s b r i a e k a e f b
int 64 3 7 5 15 2 7 10 8 7 3 9 11 6 14 18 20 10 13 6 6 3 20 15 19 12 11 1 11 7 17 18 17 4 20 20 15 5 8 14 10 3 10 5 2 10 1 9 9 4 8 20 9 3 13 7 11 9 7 15 20 1 19 16 18
int 65 16 11 10 12 13 15 12 19 3 13 4 20 7 6 20 4 3 20 16 10 20 3 9 8 2 5 6 11 7 1 4 18 12 19 6 15 4 3 9 13 16 19 20 17 12 4 19 10 1 19 3 7 11 5 17 15 6 2 13 4 15 10 15 3 17
int 66 13 14 10 18 6 18 9 10 5 3 13 7 8 9 9 8 12 8 20 15 13 9 16 20 18 16 4 19 12 7 8 14 15 16 6 11 14 17 2 1 1 15 8 10 10 8 6 15 5 15 12 6 17 20 12 17 3 13 6 3 2 14 2 11 12 18
bool 66 0 1 0 1 0 0 0 1 0 1 0 1 0 1 0 1 1 0 0 0 0 1 0 0 1 1 1 1 1 1 0 1 0 0 1 0 0 0 0 0 1 1 1 1 1 1 0 0 0 1 1 1 0 1 0 0 0 0 0 1 1 1 0 0 0 0
char 67 p k i a p f i d b o e p g m l s e c f j t o g q k i f o s a g h a d m k s m g e l g n i h j d h a t f f p l c c p n s q d b p f g k g
int 69 2 4 3 14 1 15 5 13 14 5 19 17 11 4 4 1 12 6 12 4 12 12 10 5 15 19 17 1 2 2 5 10 12 7 2 6 10 7 13 4 13 18 9 8 16 6 1 18 15 12 4 15 11 19 14 19 15 1 19 9 6 18 2 14 13 5 7 9 10
double 70 1.85 1.69 1.96 0.84 0.46 1.5 0.31 0.42 1.23 1.03 1.75 0.36 1.54 1.77 1.07 1.18 0.82 1.64 1.95 1.6 0.67 1.98 0 1.52 1.72 1.07 0.74 1.77 0.32 0.85 1.17 0.41 0.77 1.96 1.74 0.34 1.36 1.94 1.78 1.34 0.07 0.39 1.25 0.85 1.33 0.91 1 0.45 1.01 1.28 1.6 1.33 1.19 1.06 0.58 0.66 1.81 0.53 0.29 0.54 1.33 0.61 0.39 1.87 0.22 0.85 1.7 1.72 1.89 0.55
char 71 k f s c r k n b c j c l g m e g t h a c l k i o o j g e a h n h t m h o r f t j l d o h n q a l e i n s b f m m d a o j n s o f t a s p b t j
double 72 1.72 0.22 1.26 0.87 0.73 0.81 0.82 0.78 0.84 0.09 0.35 1.24 1.89 1.64 1.59 1.21 1.33 0.64 0.54 0.26 1.85 1.49 0.02 1.06 0.55 0.06 1.74 1.01 1.2 0.21 1.25 1.62 1.54 0.05 1.54 1.44 1.35 0.52 0.65 0.51 1.67 1.33 1.53 0.54 1.38 0.38 0.63 1.7 0.83 0.93 0.22 1.94 1.31 1.87 0.14 1.7 1.41 0.5 0.52 1.1 0.26 1.51 0.27 0.53 1.85 0.69 0.03 1.45 0.97 0.66 1.24 1.41
int 72 8 10 15 19 2 13 2 16 9 20 16 17 9 3 2 14 3 6 10 18 15 4 18 20 7 15 9 20 3 11 18 2 19 11 20 9 16 5 16 13 8 6 13 2 2 5 12 6 2 8 19 17 14 15 17 16 19 10 2 6 11 16 18 20 15 18 16 15 18 3 5 9
int 73 13 11 13 18 1 2 15 8 1 5 18 9 7 12 17 13 3 2 5 18 8 18 13 19 12 3 6 1 6 13 6 16 16 3 4 3 3 7 13 1 6 2 17 14 6 4 6 13 17 14 15 18 17 2 4 2 17 13 8 20 12 15 20 20 20 5 14 6 7 17 12 19 15
int 73 18 15 9 10 7 14 13 1 17 18 12 18 1 18 9 20 11 14 10 5 6 20 4 16 5 13 18 7 4 5 13 10 8 10 11 19 4 17 19 20 19 1 6 16 4 10 6 19 8 3 2 12 10 20 18 5 9 14 5 20 10 3 14 8 14 10 9 15 20 5 10 15 20
int 74 19 14 7 14 2 8 9 8 11 11 15 15 9 3 1 5 19 16 1 10 7 15 3 18 19 12 20 8 16 6 4 4 10 10 13 20 17 11 8 15 19 1 9 16 20 19 2 8 9 17 9 14 18 2 19 13 9 8 8 13 18 13 14 1 10 2 4 13 15 16 14 4 11 16
bool 74 1 0 1 1 0 1 1 0 1 1 0 1 1 0 1 1 1 0 1 1 0 1 1 1 1 0 1 1 1 0 1 0 0 1 0 0 0 0 0 1 1 0 0 1 1 1 0 1 1 0 1 1 0 0 0 1 1 0 0 0 1 0 0 0 1 0 0 1 1 1 0 0 0 1
bool 74 0 0 0 0 1 0 1 1 1 1 0 0 0 1 1 1 1 0 0 0 1 1 1 1 0 1 0 0 0 1 1 1 0 1 1 1 1 1 1 0 1 0 1 0 0 1 1 0 1 0 0 1 0 1 0 1 0 0 1 0 1 1 0 1 1 0 1 0 0 1 1 1 0 0
int 76 5 6 3 12 17 2 3 12 18 15 5 16 8 9 20 9 12 15 17 14 8 9 16 20 14 9 1 12 13 13 10 4 13 9 7 14 2 15 8 19 19 1 20 11 15 14 20 20 19 15 5 7 18 13 1 5 4 8 16 9 11 11 20 14 12 17 5 12 8 20 14 10 19 10 1 4
double 77 0.68 0.24 0.18 1.71 1.97 0.67 0.3 0.27 1.98 0.97 0.09 0.99 0.69 1.95 0.97 1.1 0.58 0.7 0.23 0.87 1.6 1.18 0.98 0.98 0.24 1.66 1.62 1.74 1.83 0.91 0.24 1.05 1.69 0.39 0.01 0.83 0.62 0.86 0.4 1.63 1.29 1.03 0.08 0.01 1.89 1.35 1.13 1.42 0.89 0.6 0.41 1.77 0.86 1.26 0.28 1.3 1.25 0.89 1.92 1.32 0.65 1.47 0.81 1.66 0.69 0.8 1.75 1.96 0.04 0.77 1.26 0.29 0.99 0.66 1.97 1.32 1.23
char 78 m f r a q f g g s i b o r o j d l o l e o d q p i p a b g q b a l b b h s l l f k h o n a d t a b m n l j i a e h m e b m d j s f a p t o t g g c t k j j q
char 80 i k m q a a c g q h t m h m s m j s q s f n l s g g t n r e p p i c k j i k s k i m c f g n g f m q i m p d d n o t o m g f e k t m g e a i j n l h d k r j l l
double 81 1.9 1.92 1.68 1.04 0.13 0.35 0.15 1.3 1.66 0.18 1.07 1.24 1.4 0.51 1.05 1.33 0.14 0.34 1.09 0.92 1.79 0.76 1.76 0.46 1.69 1.91 0.2 0.39 0.46 0.48 1.88 1.3 0.7 0.24 0.43 1.95 0.86 0.56 0.18 1.48 0.35 1.95 1.19 1.63 0.19 1 0.55 1.49 0.47 1.07 1.16 1.06 0.29 1.63 0.69 1.9 1.32 1.68 0.44 0.37 0.98 0.48 1.76 0.41 0.64 0.02 0.8 1.42 0.33 0.24 0.32 0.71 0.55 0.26 0.17 1.84 1.8 1.03 0.71 1.05 1.7
char 82 d l f b f c e n g l b a h n o g k e e r n m a k j a g f a n s g g c d s a c e b r i t e b i c t k h b l a o j r l n f p r l d m g q i k b i q f a m j n o r l c f g
double 82 0.68 1 1.12 0.85 0.07 0.84 0.77 0.56 0.48 0.5 0.78 1.79 0.52 0.74 1.24 1.4 0.13 0.74 1.09 0.74 0.3 0.85 1.12 0.05 1.18 0.71 1.3 0.3 0.49 1.54 1.63 0.32 1.66 0.77 0.02 0.65 0.09 1.91 1.56 0.76 1.7 1.03 0.8 0 1.87 1.51 1.03 0.43 0.91 1.76 1.51 0.14 1.38 1.32 1.45 0.22 1.96 1.34 1.32 0.13 0.43 1.98 0.38 1.68 1.56 0.15 0.41 0.11 0.52 0.21 0.72 1.22 1.82 1.83 1.24 0.73 0.86 0.61 1.58 1.77 1.25 1.39
bool 83 1 1 0 0 0 0 1 0 1 1 1 1 1 0 0 0 0 0 1 1 1 0 0 0 0 0 0 1 0 0 1 0 0 1 1 0 1 0 1 0 0 0 1 0 1 0 0 1 1 0 1 1 0 0 1 1 0 0 0 1 1 1 1 1 1 1 1 1 1 0 1 0 0 0 0 0 0 1 0 0 0 0 0
bool 83 1 1 1 1 0 0 1 1 1 1 0 0 0 0 0 1 0 1 0 0 1 1 1 0 0 1 1 0 0 0 0 0 0 1 1 1 0 0 0 0 1 0 1 0 1 1 1 1 1 1 0 0 0 0 1 1 0 0 0 0 0 1 1 0 1 1 0 1 0 1 0 0 1 0 1 0 0 0 0 1 0 1 1
int 84 8 11 6 5 3 14 11 7 10 17 6 5 2 2 14 13 17 8 1 15 20 18 13 11 6 17 5 7 10 14 6 7 4 5 6 13 2 8 1 20 17 5 10 13 19 17 12 3 12 6 1 1 11 9 9 1 3 7 5 11 20 1 9 15 2 5 14 12 11 14 8 11 18 6 9 1 15 13 6 16 14 16 10 12
double 85 0.36 0.24 0.16 0.08 1.71 0.51 0.14 1.51 0.75 0.02 1.23 0.86 1.08 1.64 1.84 1.54 0.98 1.62 0.89 0.98 1.34 1.61 1.17 0.47 0.46 0.28 1.43 1.54 0.06 1.49 0.53 1.33 1.71 0.25 0.3 0.69 0.45 1.02 1.45 1.42 1.92 0.39 1.62 1.04 0.91 1.11 0.66 1.62 1.53 1.61 0.04 1.79 0.71 1.9 1.39 0.39 1.06 0.46 0.89 0.13 0.14 1.87 1.43 0.72 0.49 1.23 0.57 1.39 0.97 1.25 1.41 0.03 1.07 0.76 0.27 1.92 1.54 0.63 1.56 1.18 1.98 1.57 1.8 0.92 0.73
char 87 e a t s o q k o k g o q o t i j o p b e c c d n b j o s c e i t a c n f m l c s j b g a b j i h k d h d p r j s j g f a n j s l a r l d p p l p g h f l g h r t l r g n q b q
double 87 1.51 1.97 0.92 0.73 0.94 0.12 0.12 0.02 1.32 0.86 1.65 1.96 0.24 1.2 0.25 0.92 1.15 0.4 1.12 1.94 1.45 0.68 1.32 1.19 1.95 1.14 0.24 0.55 0.93 1.43 0.19 1.68 0.14 0.22 1 0.35 0.96 0.21 0.8 0.82 0.2 0.33 1.64 0.98 1.01 1.97 1.62 1.5 0.74 1.6 0.42 1.09 1.27 0.67 0.4 1.54 0.67 1.69 1.09 0.21 0.76 1.93 0.82 1.85 1.58 1.54 1.03 1.85 1.73 1.98 1.7 1.34 0.24 1.46 1.03 0.31 0.41 1.69 1.45 1.03 1.34 1.25 1.07 1.91 1.67 0.16 0.03
bool 88 0 1 1 1 0 1 0 0 0 1 0 0 1 0 0 1 1 0 0 1 1 1 0 0 0 1 1 1 0 1 0 1 1 0 0 0 1 1 0 0 0 0 1 0 1 0 0 1 1 1 0 0 1 1 1 1 0 1 1 0 0 1 1 1 1 0 1 1 0 0 1 1 1 1 1 1 0 0 1 1 0 0 1 1 1 1 0 0
int 89 1 10 19 19 19 15 1 15 8 6 14 19 14 14 15 10 8 10 8 14 3 12 8 2 4 13 8 19 6 5 14 15 18 12 6 11 13 17 10 8 12 13 4 17 4 16 1 19 5 12 10 19 4 9 9 20 9 6 16 4 16 8 20 17 16 3 11 5 15 16 10 18 9 4 18 4 10 11 16 3 7 18 11 18 15 9 2 3 10
int 90 4 11 17 6 14 12 4 2 15 20 6 12 20 14 20 14 16 4 4 13 4 18 17 17 8 11 5 4 19 14 14 9 20 8 11 13 18 10 15 2 15 12 5 20 19 16 15 8 1 19 8 20 12 13 1 12 7 8 17 9 6 3 14 1 9 14 14 5 11 8 10 16 10 5 14 6 10 4 17 12 14 17 6 11 4 12 8 5 6 2
int 90 10 3 16 10 20 2 6 6 13 10 2 9 16 17 20 12 10 1 5 7 6 18 5 14 11 14 2 2 6 2 4 8 2 3 3 17 16 5 14 16 10 18 1 19 14 16 19 1 14 7 3 9 13 6 12 11 12 10 4 7 14 12 20 16 7 1 2 1 16 9 20 11 20 5 16 17 17 19 16 20 15 19 7 20 6 2 7 18 5 17
char 90 s m d b j a c r e a d t b d b f g m f k g t c l i m c m t e g k g j h f t f p c p m m h i m f l q l d n o a j m j n b t g k a f f d e c i f g i g d m i p f l e b m m b j m e k s d
bool 92 1 0 1 1 0 1 1 0 0 1 1 1 1 0 1 1 1 1 1 1 1 0 1 0 1 0 0 1 1 1 1 1 1 1 0 0 1 1 0 1 1 0 0 1 1 1 0 0 1 0 1 0 1 0 1 0 0 0 1 0 1 1 1 0 0 0 0 0 0 0 0 1 0 1 0 0 1 0 0 1 0 0 0 0 0 1 1 0 1 1 0 1
double 93 0.57 0.5 0.07 0.19 1.05 1.41 0.7 1.51 1.35 0.37 1.7 1.4 0.23 1.24 0.1 0.22 1.9 0.55 0.78 1.25 0.97 1.55 0.83 0.88 1.49 0.32 0.04 1.28 0.35 1.54 1.95 0.88 1.7 0.91 1.63 0.7 0.76 0.44 0.03 1.32 0.01 0.13 1.27 0.71 0.26 0.76 1.65 1.66 1.95 1.38 0.31 1.08 0.15 0.23 0.81 0.69 1.54 0.99 0.06 1.88 0.55 0.15 1.87 0.07 0.49 1.97 0.4 0.36 1.84 1.69 0.8 0.25 0.77 1.63 1.95 0.78 1.24 1.7 0.87 1.26 0.05 0.17 1 1.94 1.28 1.62 1.29 0.23 0.76 0.1 1.54 0.5 0.63
double 93 1.82 0.48 1.07 1.58 1.56 1.29 1.14 0.26 0.6 0.98 0.95 1.65 0.87 0.24 1.81 0.33 1.4 0.14 0.79 0.47 1.29 0.75 0.12 0.23 1.01 0.01 1.24 0.07 1.79 1.61 0.69 1.25 0.98 1.37 0.83 0.77 1.1 1.59 0.14 0.27 0.42 0.99 0.42 0.96 0.34 0.14 0.7 1.87 0.94 0.27 0.92 1.75 1.95 0.16 1.45 1.18 0.44 0.96 1.1 0.84 1.82 1.64 1.08 0.85 0.7 1.54 1.88 1.49 0.01 0.34 1.51 0.06 1.72 1.53 0.59 0.76 1.82 0.54 1.6 1.78 1.15 0.91 0.01 0.51 1.86 0.77 0.41 1.59 1.48 1.15 0.44 1.86 1.72
double 95 0 1.92 0.95 1.42 1.46 0.15 0.15 0.43 1.73 0.72 1.33 1.56 0.39 0.07 0.4 0.97 1.22 1.64 1.09 1.39 0 1.39 0.56 1.53 0.88 0.73 0.41 1.6 0.8 1.04 1.09 0.86 1.18 1.96 1.84 0.62 1.51 0.3 0.84 0.24 0.18 1.36 1.47 0.57 0.57 1.12 0.87 1.22 1.61 0.09 0.18 1.51 0.68 1.08 1.93 1.09 1.54 0.73 1.78 0.3 0.71 0.48 0.79 1.29 0.92 0.78 1.95 1.21 1.87 0.34 0.24 0.82 0.61 0.77 0.75 0.87 0.39 1.76 0.88 1.31 1.94 0.46 1.13 0.58 1.47 1.74 1.28 1.08 1.56 1.84 0.28 0.89 0.95 1.95 0.67
char 96 b j s c i r o c t s k f d f j j o h b e k t n e s q h e j j g t c c h o b o i r k i d p h f d t s o d r m h g f e g q o s r l m e n n k q e l n r c k f l m e n n s k o g i o i i i t c l b e l
bool 97 1 1 0 0 1 1 1 1 0 1 1 0 0 1 0 0 0 1 1 0 1 1 1 1 0 0 1 0 1 1 1 0 0 1 0 1 0 1 1 0 0 0 1 1 0 1 1 0 0 1 0 0 0 1 0 0 0 0 1 0 1 0 1 0 0 1 1 1 1 1 0 0 1 1 0 1 1 0 0 1 0 0 0 1 0 0 1 1 1 1 1 0 1 1 1 0 1
double 97 0.68 1.92 0.76 1.26 1.13 0.21 1.81 0.32 1.35 0.58 1.79 1.59 1.55 0.7 0.77 1.33 0.07 0.62 0.42 1.76 0.61 1.63 1.99 1.97 0.15 1.41 0.47 0.54 0.34 1.58 1.99 0.79 0.97 1.42 1.83 1.9 0.09 1.87 1.62 0.15 0.2 0.32 1.73 1.84 0.22 0 0.18 0.49 0.42 0.65 0.2 1.09 1.84 0.49 1.22 0.82 0.04 0.64 0.62 0.78 1.65 0.52 1.6 0.51 1.75 1.87 0.37 1.96 0.93 0.59 0.78 0.57 1.39 1.48 0.11 1.4 1.36 0.18 1.61 0.27 0.61 0.64 1.83 0.33 1.88 1.66 1.76 0.04 1.09 0.23 0.86 1.72 0.53 1.62 1.99 0.91 1.05
int 98 7 4 8 4 2 3 7 15 16 2 12 17 15 2 14 13 20 12 10 3 16 9 15 8 16 12 6 2 12 17 6 20 16 7 19 7 18 16 9 19 10 15 6 11 9 5 20 6 18 10 11 11 15 8 7 4 16 7 13 11 15 19 20 17 4 20 12 6 6 2 7 6 7 17 10 13 15 18 8 15 13 14 4 18 2 18 3 5 15 3 16 10 1 16 2 20 13 10
double 99 1.83 1.98 0.77 1.53 1.66 0.79 0.96 0.72 0.09 1.14 0.27 0.37 1.62 0.01 0 0.31 1.39 1.99 1.37 0.38 0.88 0.22 1.63 0.37 1.89 0.16 1.9 0.86 1.26 1.5 1.9 0.14 1.81 0.57 1.51 0.59 0.64 1.61 1.84 1.32 1.33 1.7 0.36 0.99 1.63 0.16 0.68 1.23 1.92 0.5 1.91 1.86 0.09 1.81 1.06 1.89 1.51 0.01 0.23 1.03 0.23 1.61 1.21 1.85 1 0.15 0.65 1.94 1.2 1.96 0.89 0.07 1.28 1.69 0.76 0.56 0.01 0.07 0.22 1.2 0.43 0.66 0.48 0.66 0.72 0.54 0.51 1.68 0.13 1.62 1.13 1.39 0.72 1.99 1.28 1.02 1.93 0 1.45
double 102 1.46 0.41 1.73 0.3 0.97 0.8 1.28 1.25 1.79 1.71 0.35 1.46 0.87 0.21 0.31 1.45 1.35 1.96 1.3 1.81 1.63 1.58 0.48 0.24 1.96 1.58 0.84 1.36 1.74 1.51 1.67 0.28 1.12 1.91 0.53 1.71 1.74 1.01 0.52 0.76 1.11 1.69 1.96 0.06 0.47 1.71 0.79 1.25 0.83 1.22 1.43 1.63 1.89 0.67 1.72 0.24 1.17 1.21 0.57 1.62 1.93 0.76 1.56 0.9 1.28 1.58 1.38 1.77 0.35 1.36 0.31 0.38 0.22 1.5 1.04 1.52 0.04 1.54 1.85 0.44 0.7 1.96 0.97 0.12 1.48 1.58 1.99 1.69 0.2 0.22 1.88 0.64 1.69 1.58 0.71 0.94 0.81 0.08 0.2 0.27 1 0.91
bool 102 1 0 1 1 1 1 0 0 0 1 0 1 1 0 1 0 0 1 1 0 0 1 1 0 0 0 1 0 0 1 0 1 1 0 1 0 0 1 1 1 1 1 0 0 0 0 1 1 1 1 1 1 0 1 0 0 0 0 1 1 1 0 0 1 1 1 1 0 1 0 1 0 0 1 1 0 1 0 1 0 0 1 1 0 0 0 0 0 1 1 1 0 1 1 1 0 1 0 0 0 0 0
double 103 1.2 1.15 1.4 1.31 0.31 0.53 1.93 1.42 1.65 0.19 1.63 1.35 0.54 0.68 1.95 0.76 1.15 1.55 1.5 0.44 1.6 1.07 0.52 1.84 0.79 0.55 0.54 0.46 0.28 1.83 0.15 1.7 0.26 0.67 1.7 0.95 1.8 0.28 1.52 1.54 0.7 1.1 1.61 0.06 0.07 0.85 1.39 0.83 1.98 0.81 1.61 0.17 0.41 1.91 0.76 0.05 1.18 0.62 1.59 0.45 1.72 1.94 0.76 0.52 1.27 1.44 0.31 1.73 0.13 0.51 0.28 0.84 0.22 0.75 1.26 1.95 1.36 0.63 1.43 0.43 0.46 0.18 0.6 0.3 0.81 1.9 1.13 1.3 1.62 1.87 0.24 0.4 0.99 0.49 0.64 0.38 0.52 0.83 1.97 0.43 1.55 1.59 0.67
char 103 k f p c m k n j o d n q j k a e k n g e s c a j r s b c o r t l m d q k f g f k t q c e j g g h e s a i t s s e o b g l j e e r n o t s b i b c a m s b d o l r f p b d l q s o o d c a j o l l d g c p i t e
int 104 20 19 10 18 3 12 15 3 5 17 17 20 5 16 2 1 2 1 15 16 18 5 14 4 2 11 11 4 10 7 6 19 10 19 7 5 15 12 1 12 7 3 8 8 7 15 17 1 11 7 17 19 11 14 20 7 16 18 6 6 3 17 15 3 7 10 2 15 7 7 19 9 13 8 8 18 1 7 10 3 16 16 12 17 12 18 15 4 3 15 15 13 14 12 10 20 10 1 14 16 14 5 18 5
bool 105 0 1 1 0 0 0 1 0 0 0 0 0 1 1 0 1 1 0 0 1 1 1 0 0 0 0 1 0 0 0 1 0 0 1 1 0 0 0 1 1 0 1 1 1 0 1 0 1 1 1 1 1 1 1 0 1 0 0 1 0 0 1 0 1 0 0 1 0 1 1 1 1 1 1 1 0 1 0 0 1 1 1 1 0 1 1 0 1 0 1 0 1 0 0 0 0 0 0 0 0 0 0 1 1 0
char 107 s q s c d b k s m a i j k a a h p c f g d s s e s b o s f k h e l k o p c c b h s e f g h t h a m d a s i r i e h p f b n q r i s n d g k j r q i r e t n l n p g r q a r p b p e j a m m i h b b e f b p a i r e l a
bool 107 1 0 0 1 1 1 0 1 1 0 0 0 1 0 0 1 0 0 0 1 1 1 1 0 1 0 0 1 1 0 1 0 1 0 1 0 1 0 1 1 1 1 0 1 0 1 0 0 0 1 0 0 1 0 1 0 1 0 1 0 1 0 0 1 0 1 1 0 1 0 0 0 0 0 1 0 1 1 1 1 1 1 1 1 0 1 1 0 1 0 0 1 1 0 0 1 1 1 0 1 1 1 0 0 0 0 0
